Letter-num	Errors-Original	Errors-Restored	Psuede-Observations 


4	99	979	1
4	99	846	2
4	99	772	3
4	99	722	4
4	99	714	5
4	99	672	6
4	99	616	7
4	99	571	8
4	99	551	9
4	99	535	10
4	99	528	11
4	99	525	12
4	99	518	13
4	99	513	14
4	99	511	15
4	99	495	16
4	99	495	17
4	99	493	18
4	99	469	19
4	99	467	20
4	99	467	21
4	99	465	22
4	99	461	23
4	99	249	24
4	99	235	25
4	99	235	26
4	99	234	27
4	99	231	28
4	99	231	29
4	99	145	30
4	99	145	31
4	99	139	32
4	99	139	33
4	99	130	34
4	99	126	35
4	99	117	36
4	99	117	37
4	99	117	38
4	99	118	39
4	99	118	40
4	99	118	41
4	99	118	42
4	99	118	43
4	99	118	44
4	99	118	45
4	99	118	46
4	99	115	47
4	99	99	48
4	99	99	49
4	99	99	50
4	99	99	51
4	99	99	52
4	99	99	53
4	99	99	54
4	99	99	55
4	99	99	56
4	99	99	57
4	99	99	58
4	99	99	59
4	99	99	60